time, No Name, No Name, No Name, No Name, No Name, No Name
0, 0, 0, 0, 0, 0, 0
0.1, 0, 0, 0.0106431, 0, 5.31269e-05, 0
0.2, 0, 0, 0.0211803, 0, 0.000211097, 0
0.3, 0, 0, 0.0316127, 0, 0.00047182, 0
0.4, 0, 0, 0.0419413, 0, 0.000833234, 0
0.5, 0, 0, 0.0521671, 0, 0.00129331, 0
0.6, 0, 0, 0.0622911, 0, 0.00185005, 0
0.7, 0, 0, 0.0723145, 0, 0.00250148, 0
0.8, 0, 0, 0.082238, 0, 0.00324567, 0
0.9, 0, 0, 0.0920629, 0, 0.0040807, 0
1, 0, 0, 0.10179, 0, 0.00500469, 0
1.1, 0, 0, 0.11142, 0, 0.00601579, 0
1.2, 0, 0, 0.120955, 0, 0.00711217, 0
1.3, 0, 0, 0.130394, 0, 0.00829205, 0
1.4, 0, 0, 0.13974, 0, 0.00955363, 0
1.5, 0, 0, 0.148993, 0, 0.0108952, 0
1.6, 0, 0, 0.158153, 0, 0.012315, 0
1.7, 0, 0, 0.167223, 0, 0.0138114, 0
1.8, 0, 0, 0.176202, 0, 0.0153827, 0
1.9, 0, 0, 0.185092, 0, 0.0170272, 0
2, 0, 0, 0.193893, 0, 0.0187435, 0
2.1, 0, 0, 0.202607, 0, 0.0205297, 0
2.2, 0, 0, 0.211234, 0, 0.0223845, 0
2.3, 0, 0, 0.219776, 0, 0.0243062, 0
2.4, 0, 0, 0.228232, 0, 0.0262934, 0
2.5, 0, 0, 0.236604, 0, 0.0283445, 0
2.6, 0, 0, 0.244893, 0, 0.0304581, 0
2.7, 0, 0, 0.253099, 0, 0.0326327, 0
2.8, 0, 0, 0.261224, 0, 0.0348669, 0
2.9, 0, 0, 0.269268, 0, 0.0371594, 0
3, 0, 0, 0.277232, 0, 0.0395087, 0
3.1, 0, 0, 0.285117, 0, 0.0419134, 0
3.2, 0, 0, 0.292923, 0, 0.0443723, 0
3.3, 0, 0, 0.300651, 0, 0.046884, 0
3.4, 0, 0, 0.308303, 0, 0.0494472, 0
3.5, 0, 0, 0.315878, 0, 0.0520607, 0
3.6, 0, 0, 0.323378, 0, 0.0547231, 0
3.7, 0, 0, 0.330804, 0, 0.0574334, 0
3.8, 0, 0, 0.338155, 0, 0.0601901, 0
3.9, 0, 0, 0.345434, 0, 0.0629923, 0
4, 0, 0, 0.35264, 0, 0.0658386, 0
4.1, 0, 0, 0.359774, 0, 0.0687279, 0
4.2, 0, 0, 0.366837, 0, 0.0716591, 0
4.3, 0, 0, 0.37383, 0, 0.0746311, 0
4.4, 0, 0, 0.380754, 0, 0.0776428, 0
4.5, 0, 0, 0.387608, 0, 0.080693, 0
4.6, 0, 0, 0.394395, 0, 0.0837807, 0
4.7, 0, 0, 0.401114, 0, 0.0869049, 0
4.8, 0, 0, 0.407766, 0, 0.0900645, 0
4.9, 0, 0, 0.414351, 0, 0.0932586, 0
5, 0, 0, 0.420872, 0, 0.0964861, 0
5.1, 0, 0, 0.427327, 0, 0.099746, 0
5.2, 0, 0, 0.433718, 0, 0.103037, 0
5.3, 0, 0, 0.440046, 0, 0.106359, 0
5.4, 0, 0, 0.44631, 0, 0.109711, 0
5.5, 0, 0, 0.452513, 0, 0.113091, 0
5.6, 0, 0, 0.458653, 0, 0.116499, 0
5.7, 0, 0, 0.464733, 0, 0.119934, 0
5.8, 0, 0, 0.470752, 0, 0.123395, 0
5.9, 0, 0, 0.476711, 0, 0.126881, 0
6, 0, 0, 0.48261, 0, 0.130391, 0
6.1, 0, 0, 0.488451, 0, 0.133925, 0
6.2, 0, 0, 0.494234, 0, 0.137481, 0
6.3, 0, 0, 0.49996, 0, 0.14106, 0
6.4, 0, 0, 0.505628, 0, 0.144659, 0
6.5, 0, 0, 0.51124, 0, 0.148279, 0
6.6, 0, 0, 0.516796, 0, 0.151918, 0
6.7, 0, 0, 0.522297, 0, 0.155576, 0
6.8, 0, 0, 0.527744, 0, 0.159252, 0
6.9, 0, 0, 0.533136, 0, 0.162946, 0
7, 0, 0, 0.538474, 0, 0.166656, 0
7.1, 0, 0, 0.543759, 0, 0.170382, 0
7.2, 0, 0, 0.548992, 0, 0.174123, 0
7.3, 0, 0, 0.554172, 0, 0.177879, 0
7.4, 0, 0, 0.559301, 0, 0.181649, 0
7.5, 0, 0, 0.564379, 0, 0.185432, 0
7.6, 0, 0, 0.569407, 0, 0.189227, 0
7.7, 0, 0, 0.574384, 0, 0.193035, 0
7.8, 0, 0, 0.579312, 0, 0.196854, 0
7.9, 0, 0, 0.584191, 0, 0.200684, 0
8, 0, 0, 0.589021, 0, 0.204524, 0
8.1, 0, 0, 0.593804, 0, 0.208374, 0
8.2, 0, 0, 0.598538, 0, 0.212233, 0
8.3, 0, 0, 0.603226, 0, 0.2161, 0
8.4, 0, 0, 0.607867, 0, 0.219975, 0
8.5, 0, 0, 0.612461, 0, 0.223857, 0
8.6, 0, 0, 0.617011, 0, 0.227747, 0
8.7, 0, 0, 0.621514, 0, 0.231642, 0
8.8, 0, 0, 0.625973, 0, 0.235544, 0
8.9, 0, 0, 0.630388, 0, 0.239451, 0
9, 0, 0, 0.634758, 0, 0.243363, 0
9.1, 0, 0, 0.639086, 0, 0.247279, 0
9.2, 0, 0, 0.64337, 0, 0.251199, 0
9.3, 0, 0, 0.647611, 0, 0.255122, 0
9.4, 0, 0, 0.651811, 0, 0.259048, 0
9.5, 0, 0, 0.655968, 0, 0.262977, 0
9.6, 0, 0, 0.660084, 0, 0.266908, 0
9.7, 0, 0, 0.664159, 0, 0.27084, 0
9.8, 0, 0, 0.668194, 0, 0.274774, 0
9.9, 0, 0, 0.672188, 0, 0.278709, 0
10, 0, 0, 0.676143, 0, 0.282644, 0
10.1, 0, 0, 0.680059, 0, 0.286579, 0
10.2, 0, 0, 0.683935, 0, 0.290513, 0
10.3, 0, 0, 0.687773, 0, 0.294447, 0
10.4, 0, 0, 0.691573, 0, 0.298379, 0
10.5, 0, 0, 0.695334, 0, 0.302311, 0
10.6, 0, 0, 0.699059, 0, 0.30624, 0
10.7, 0, 0, 0.702746, 0, 0.310167, 0
10.8, 0, 0, 0.706397, 0, 0.314091, 0
10.9, 0, 0, 0.710011, 0, 0.318013, 0
11, 0, 0, 0.71359, 0, 0.321931, 0
11.1, 0, 0, 0.717132, 0, 0.325846, 0
11.2, 0, 0, 0.72064, 0, 0.329757, 0
11.3, 0, 0, 0.724113, 0, 0.333663, 0
11.4, 0, 0, 0.727551, 0, 0.337566, 0
11.5, 0, 0, 0.730955, 0, 0.341463, 0
11.6, 0, 0, 0.734325, 0, 0.345355, 0
11.7, 0, 0, 0.737661, 0, 0.349242, 0
11.8, 0, 0, 0.740964, 0, 0.353124, 0
11.9, 0, 0, 0.744235, 0, 0.356999, 0
12, 0, 0, 0.747473, 0, 0.360868, 0
12.1, 0, 0, 0.750678, 0, 0.364731, 0
12.2, 0, 0, 0.753852, 0, 0.368587, 0
12.3, 0, 0, 0.756994, 0, 0.372436, 0
12.4, 0, 0, 0.760105, 0, 0.376278, 0
12.5, 0, 0, 0.763185, 0, 0.380113, 0
12.6, 0, 0, 0.766234, 0, 0.38394, 0
12.7, 0, 0, 0.769253, 0, 0.387759, 0
12.8, 0, 0, 0.772242, 0, 0.391569, 0
12.9, 0, 0, 0.775201, 0, 0.395372, 0
13, 0, 0, 0.778131, 0, 0.399166, 0
13.1, 0, 0, 0.781032, 0, 0.402951, 0
13.2, 0, 0, 0.783903, 0, 0.406728, 0
13.3, 0, 0, 0.786747, 0, 0.410495, 0
13.4, 0, 0, 0.789561, 0, 0.414252, 0
13.5, 0, 0, 0.792348, 0, 0.418001, 0
13.6, 0, 0, 0.795107, 0, 0.421739, 0
13.7, 0, 0, 0.797839, 0, 0.425468, 0
13.8, 0, 0, 0.800544, 0, 0.429187, 0
13.9, 0, 0, 0.803221, 0, 0.432895, 0
14, 0, 0, 0.805872, 0, 0.436593, 0
14.1, 0, 0, 0.808497, 0, 0.440281, 0
14.2, 0, 0, 0.811095, 0, 0.443957, 0
14.3, 0, 0, 0.813668, 0, 0.447623, 0
14.4, 0, 0, 0.816215, 0, 0.451278, 0
14.5, 0, 0, 0.818736, 0, 0.454922, 0
14.6, 0, 0, 0.821233, 0, 0.458555, 0
14.7, 0, 0, 0.823705, 0, 0.462176, 0
14.8, 0, 0, 0.826152, 0, 0.465785, 0
14.9, 0, 0, 0.828575, 0, 0.469383, 0
15, 0, 0, 0.830973, 0, 0.472969, 0
15.1, 0, 0, 0.833348, 0, 0.476543, 0
15.2, 0, 0, 0.835699, 0, 0.480105, 0
15.3, 0, 0, 0.838027, 0, 0.483655, 0
15.4, 0, 0, 0.840332, 0, 0.487192, 0
15.5, 0, 0, 0.842613, 0, 0.490718, 0
15.6, 0, 0, 0.844872, 0, 0.49423, 0
15.7, 0, 0, 0.847109, 0, 0.49773, 0
15.8, 0, 0, 0.849323, 0, 0.501218, 0
15.9, 0, 0, 0.851515, 0, 0.504692, 0
16, 0, 0, 0.853686, 0, 0.508154, 0
16.1, 0, 0, 0.855834, 0, 0.511603, 0
16.2, 0, 0, 0.857962, 0, 0.515039, 0
16.3, 0, 0, 0.860068, 0, 0.518461, 0
16.4, 0, 0, 0.862153, 0, 0.521871, 0
16.5, 0, 0, 0.864218, 0, 0.525267, 0
16.6, 0, 0, 0.866262, 0, 0.52865, 0
16.7, 0, 0, 0.868286, 0, 0.532019, 0
16.8, 0, 0, 0.870289, 0, 0.535375, 0
16.9, 0, 0, 0.872273, 0, 0.538718, 0
17, 0, 0, 0.874237, 0, 0.542046, 0
17.1, 0, 0, 0.876181, 0, 0.545361, 0
17.2, 0, 0, 0.878106, 0, 0.548663, 0
17.3, 0, 0, 0.880012, 0, 0.55195, 0
17.4, 0, 0, 0.881899, 0, 0.555224, 0
17.5, 0, 0, 0.883767, 0, 0.558484, 0
17.6, 0, 0, 0.885616, 0, 0.56173, 0
17.7, 0, 0, 0.887447, 0, 0.564961, 0
17.8, 0, 0, 0.88926, 0, 0.568179, 0
17.9, 0, 0, 0.891055, 0, 0.571383, 0
18, 0, 0, 0.892832, 0, 0.574573, 0
18.1, 0, 0, 0.894591, 0, 0.577748, 0
18.2, 0, 0, 0.896333, 0, 0.58091, 0
18.3, 0, 0, 0.898058, 0, 0.584057, 0
18.4, 0, 0, 0.899765, 0, 0.58719, 0
18.5, 0, 0, 0.901455, 0, 0.590308, 0
18.6, 0, 0, 0.903129, 0, 0.593412, 0
18.7, 0, 0, 0.904786, 0, 0.596502, 0
18.8, 0, 0, 0.906426, 0, 0.599578, 0
18.9, 0, 0, 0.90805, 0, 0.602639, 0
19, 0, 0, 0.909658, 0, 0.605686, 0
19.1, 0, 0, 0.91125, 0, 0.608719, 0
19.2, 0, 0, 0.912826, 0, 0.611737, 0
19.3, 0, 0, 0.914386, 0, 0.614741, 0
19.4, 0, 0, 0.915931, 0, 0.61773, 0
19.5, 0, 0, 0.91746, 0, 0.620705, 0
19.6, 0, 0, 0.918975, 0, 0.623665, 0
19.7, 0, 0, 0.920474, 0, 0.626611, 0
19.8, 0, 0, 0.921958, 0, 0.629542, 0
19.9, 0, 0, 0.923428, 0, 0.632459, 0
20, 0, 0, 0.924882, 0, 0.635362, 0
20.1, 0, 0, 0.926323, 0, 0.63825, 0
20.2, 0, 0, 0.927749, 0, 0.641123, 0
20.3, 0, 0, 0.929161, 0, 0.643982, 0
20.4, 0, 0, 0.930559, 0, 0.646827, 0
20.5, 0, 0, 0.931942, 0, 0.649657, 0
20.6, 0, 0, 0.933313, 0, 0.652472, 0
20.7, 0, 0, 0.934669, 0, 0.655274, 0
20.8, 0, 0, 0.936012, 0, 0.65806, 0
20.9, 0, 0, 0.937342, 0, 0.660833, 0
21, 0, 0, 0.938658, 0, 0.66359, 0
21.1, 0, 0, 0.939961, 0, 0.666334, 0
21.2, 0, 0, 0.941252, 0, 0.669063, 0
21.3, 0, 0, 0.942529, 0, 0.671778, 0
21.4, 0, 0, 0.943794, 0, 0.674478, 0
21.5, 0, 0, 0.945046, 0, 0.677164, 0
21.6, 0, 0, 0.946286, 0, 0.679836, 0
21.7, 0, 0, 0.947514, 0, 0.682493, 0
21.8, 0, 0, 0.948729, 0, 0.685136, 0
21.9, 0, 0, 0.949932, 0, 0.687765, 0
22, 0, 0, 0.951123, 0, 0.690379, 0
22.1, 0, 0, 0.952302, 0, 0.69298, 0
22.2, 0, 0, 0.95347, 0, 0.695566, 0
22.3, 0, 0, 0.954626, 0, 0.698138, 0
22.4, 0, 0, 0.95577, 0, 0.700696, 0
22.5, 0, 0, 0.956903, 0, 0.703239, 0
22.6, 0, 0, 0.958025, 0, 0.705769, 0
22.7, 0, 0, 0.959136, 0, 0.708285, 0
22.8, 0, 0, 0.960235, 0, 0.710786, 0
22.9, 0, 0, 0.961324, 0, 0.713274, 0
23, 0, 0, 0.962402, 0, 0.715747, 0
23.1, 0, 0, 0.963469, 0, 0.718207, 0
23.2, 0, 0, 0.964525, 0, 0.720652, 0
23.3, 0, 0, 0.965571, 0, 0.723084, 0
23.4, 0, 0, 0.966607, 0, 0.725502, 0
23.5, 0, 0, 0.967632, 0, 0.727906, 0
23.6, 0, 0, 0.968647, 0, 0.730297, 0
23.7, 0, 0, 0.969652, 0, 0.732673, 0
23.8, 0, 0, 0.970647, 0, 0.735036, 0
23.9, 0, 0, 0.971632, 0, 0.737385, 0
24, 0, 0, 0.972607, 0, 0.739721, 0
24.1, 0, 0, 0.973573, 0, 0.742043, 0
24.2, 0, 0, 0.974528, 0, 0.744352, 0
24.3, 0, 0, 0.975475, 0, 0.746647, 0
24.4, 0, 0, 0.976412, 0, 0.748928, 0
24.5, 0, 0, 0.977339, 0, 0.751196, 0
24.6, 0, 0, 0.978258, 0, 0.753451, 0
24.7, 0, 0, 0.979167, 0, 0.755693, 0
24.8, 0, 0, 0.980067, 0, 0.757921, 0
24.9, 0, 0, 0.980959, 0, 0.760135, 0
25, 0, 0, 0.981841, 0, 0.762337, 0
25.1, 0, 0, 0.982715, 0, 0.764526, 0
25.2, 0, 0, 0.98358, 0, 0.766701, 0
25.3, 0, 0, 0.984436, 0, 0.768863, 0
25.4, 0, 0, 0.985284, 0, 0.771012, 0
25.5, 0, 0, 0.986123, 0, 0.773149, 0
25.6, 0, 0, 0.986954, 0, 0.775272, 0
25.7, 0, 0, 0.987777, 0, 0.777382, 0
25.8, 0, 0, 0.988592, 0, 0.77948, 0
25.9, 0, 0, 0.989398, 0, 0.781565, 0
26, 0, 0, 0.990197, 0, 0.783637, 0
26.1, 0, 0, 0.990987, 0, 0.785696, 0
26.2, 0, 0, 0.99177, 0, 0.787742, 0
26.3, 0, 0, 0.992545, 0, 0.789776, 0
26.4, 0, 0, 0.993312, 0, 0.791798, 0
26.5, 0, 0, 0.994071, 0, 0.793807, 0
26.6, 0, 0, 0.994823, 0, 0.795803, 0
26.7, 0, 0, 0.995568, 0, 0.797787, 0
26.8, 0, 0, 0.996305, 0, 0.799759, 0
26.9, 0, 0, 0.997034, 0, 0.801718, 0
27, 0, 0, 0.997757, 0, 0.803665, 0
27.1, 0, 0, 0.998472, 0, 0.8056, 0
27.2, 0, 0, 0.99918, 0, 0.807522, 0
27.3, 0, 0, 0.999881, 0, 0.809433, 0
27.4, 0, 0, 1.00058, 0, 0.811331, 0
27.5, 0, 0, 1.00126, 0, 0.813218, 0
27.6, 0, 0, 1.00194, 0, 0.815092, 0
27.7, 0, 0, 1.00262, 0, 0.816955, 0
27.8, 0, 0, 1.00328, 0, 0.818806, 0
27.9, 0, 0, 1.00394, 0, 0.820645, 0
28, 0, 0, 1.0046, 0, 0.822472, 0
28.1, 0, 0, 1.00524, 0, 0.824287, 0
28.2, 0, 0, 1.00589, 0, 0.826091, 0
28.3, 0, 0, 1.00652, 0, 0.827883, 0
28.4, 0, 0, 1.00715, 0, 0.829664, 0
28.5, 0, 0, 1.00777, 0, 0.831433, 0
28.6, 0, 0, 1.00839, 0, 0.83319, 0
28.7, 0, 0, 1.009, 0, 0.834937, 0
28.8, 0, 0, 1.0096, 0, 0.836672, 0
28.9, 0, 0, 1.0102, 0, 0.838395, 0
29, 0, 0, 1.01079, 0, 0.840108, 0
29.1, 0, 0, 1.01137, 0, 0.841809, 0
29.2, 0, 0, 1.01195, 0, 0.843499, 0
29.3, 0, 0, 1.01253, 0, 0.845178, 0
29.4, 0, 0, 1.0131, 0, 0.846846, 0
29.5, 0, 0, 1.01366, 0, 0.848503, 0
29.6, 0, 0, 1.01422, 0, 0.850149, 0
29.7, 0, 0, 1.01477, 0, 0.851784, 0
29.8, 0, 0, 1.01531, 0, 0.853409, 0
29.9, 0, 0, 1.01585, 0, 0.855022, 0
30, 0, 0, 1.01639, 0, 0.856625, 0
30.1, 0, 0, 1.01692, 0, 0.858218, 0
30.2, 0, 0, 1.01744, 0, 0.859799, 0
30.3, 0, 0, 1.01796, 0, 0.861371, 0
30.4, 0, 0, 1.01848, 0, 0.862931, 0
30.5, 0, 0, 1.01899, 0, 0.864481, 0
30.6, 0, 0, 1.01949, 0, 0.866021, 0
30.7, 0, 0, 1.01999, 0, 0.867551, 0
30.8, 0, 0, 1.02048, 0, 0.86907, 0
30.9, 0, 0, 1.02097, 0, 0.870579, 0
31, 0, 0, 1.02146, 0, 0.872078, 0
31.1, 0, 0, 1.02194, 0, 0.873567, 0
31.2, 0, 0, 1.02241, 0, 0.875045, 0
31.3, 0, 0, 1.02288, 0, 0.876514, 0
31.4, 0, 0, 1.02335, 0, 0.877973, 0
31.5, 0, 0, 1.02381, 0, 0.879421, 0
31.6, 0, 0, 1.02426, 0, 0.88086, 0
31.7, 0, 0, 1.02471, 0, 0.88229, 0
31.8, 0, 0, 1.02516, 0, 0.883709, 0
31.9, 0, 0, 1.0256, 0, 0.885119, 0
32, 0, 0, 1.02604, 0, 0.886519, 0
32.1, 0, 0, 1.02648, 0, 0.887909, 0
32.2, 0, 0, 1.02691, 0, 0.88929, 0
32.3, 0, 0, 1.02733, 0, 0.890661, 0
32.4, 0, 0, 1.02775, 0, 0.892023, 0
32.5, 0, 0, 1.02817, 0, 0.893376, 0
32.6, 0, 0, 1.02858, 0, 0.894719, 0
32.7, 0, 0, 1.02899, 0, 0.896053, 0
32.8, 0, 0, 1.02939, 0, 0.897378, 0
32.9, 0, 0, 1.02979, 0, 0.898694, 0
33, 0, 0, 1.03019, 0, 0.9, 0
33.1, 0, 0, 1.03058, 0, 0.901297, 0
33.2, 0, 0, 1.03097, 0, 0.902586, 0
33.3, 0, 0, 1.03136, 0, 0.903865, 0
33.4, 0, 0, 1.03174, 0, 0.905136, 0
33.5, 0, 0, 1.03212, 0, 0.906397, 0
33.6, 0, 0, 1.03249, 0, 0.90765, 0
33.7, 0, 0, 1.03286, 0, 0.908894, 0
33.8, 0, 0, 1.03322, 0, 0.910129, 0
33.9, 0, 0, 1.03359, 0, 0.911356, 0
34, 0, 0, 1.03395, 0, 0.912574, 0
34.1, 0, 0, 1.0343, 0, 0.913783, 0
34.2, 0, 0, 1.03465, 0, 0.914984, 0
34.3, 0, 0, 1.035, 0, 0.916177, 0
34.4, 0, 0, 1.03535, 0, 0.917361, 0
34.5, 0, 0, 1.03569, 0, 0.918536, 0
34.6, 0, 0, 1.03602, 0, 0.919704, 0
34.7, 0, 0, 1.03636, 0, 0.920863, 0
34.8, 0, 0, 1.03669, 0, 0.922014, 0
34.9, 0, 0, 1.03702, 0, 0.923156, 0
35, 0, 0, 1.03734, 0, 0.924291, 0
35.1, 0, 0, 1.03766, 0, 0.925417, 0
35.2, 0, 0, 1.03798, 0, 0.926536, 0
35.3, 0, 0, 1.0383, 0, 0.927646, 0
35.4, 0, 0, 1.03861, 0, 0.928749, 0
35.5, 0, 0, 1.03892, 0, 0.929844, 0
35.6, 0, 0, 1.03922, 0, 0.93093, 0
35.7, 0, 0, 1.03953, 0, 0.932009, 0
35.8, 0, 0, 1.03983, 0, 0.933081, 0
35.9, 0, 0, 1.04012, 0, 0.934144, 0
36, 0, 0, 1.04042, 0, 0.9352, 0
36.1, 0, 0, 1.04071, 0, 0.936249, 0
36.2, 0, 0, 1.04099, 0, 0.937289, 0
36.3, 0, 0, 1.04128, 0, 0.938323, 0
36.4, 0, 0, 1.04156, 0, 0.939349, 0
36.5, 0, 0, 1.04184, 0, 0.940367, 0
36.6, 0, 0, 1.04212, 0, 0.941378, 0
36.7, 0, 0, 1.04239, 0, 0.942382, 0
36.8, 0, 0, 1.04266, 0, 0.943378, 0
36.9, 0, 0, 1.04293, 0, 0.944368, 0
37, 0, 0, 1.0432, 0, 0.94535, 0
37.1, 0, 0, 1.04346, 0, 0.946325, 0
37.2, 0, 0, 1.04372, 0, 0.947292, 0
37.3, 0, 0, 1.04398, 0, 0.948253, 0
37.4, 0, 0, 1.04423, 0, 0.949207, 0
37.5, 0, 0, 1.04449, 0, 0.950154, 0
37.6, 0, 0, 1.04474, 0, 0.951094, 0
37.7, 0, 0, 1.04499, 0, 0.952027, 0
37.8, 0, 0, 1.04523, 0, 0.952953, 0
37.9, 0, 0, 1.04547, 0, 0.953872, 0
38, 0, 0, 1.04571, 0, 0.954785, 0
38.1, 0, 0, 1.04595, 0, 0.955691, 0
38.2, 0, 0, 1.04619, 0, 0.95659, 0
38.3, 0, 0, 1.04642, 0, 0.957483, 0
38.4, 0, 0, 1.04665, 0, 0.958369, 0
38.5, 0, 0, 1.04688, 0, 0.959248, 0
38.6, 0, 0, 1.04711, 0, 0.960122, 0
38.7, 0, 0, 1.04733, 0, 0.960988, 0
38.8, 0, 0, 1.04755, 0, 0.961848, 0
38.9, 0, 0, 1.04777, 0, 0.962702, 0
39, 0, 0, 1.04799, 0, 0.96355, 0
39.1, 0, 0, 1.04821, 0, 0.964391, 0
39.2, 0, 0, 1.04842, 0, 0.965226, 0
39.3, 0, 0, 1.04863, 0, 0.966055, 0
39.4, 0, 0, 1.04884, 0, 0.966878, 0
39.5, 0, 0, 1.04905, 0, 0.967694, 0
39.6, 0, 0, 1.04925, 0, 0.968505, 0
39.7, 0, 0, 1.04945, 0, 0.969309, 0
39.8, 0, 0, 1.04966, 0, 0.970108, 0
39.9, 0, 0, 1.04985, 0, 0.9709, 0
40, 0, 0, 1.05005, 0, 0.971687, 0
40.1, 0, 0, 1.05025, 0, 0.972468, 0
40.2, 0, 0, 1.05044, 0, 0.973242, 0
40.3, 0, 0, 1.05063, 0, 0.974011, 0
40.4, 0, 0, 1.05082, 0, 0.974775, 0
40.5, 0, 0, 1.05101, 0, 0.975532, 0
40.6, 0, 0, 1.05119, 0, 0.976284, 0
40.7, 0, 0, 1.05138, 0, 0.977031, 0
40.8, 0, 0, 1.05156, 0, 0.977771, 0
40.9, 0, 0, 1.05174, 0, 0.978506, 0
41, 0, 0, 1.05192, 0, 0.979236, 0
41.1, 0, 0, 1.05209, 0, 0.97996, 0
41.2, 0, 0, 1.05227, 0, 0.980679, 0
41.3, 0, 0, 1.05244, 0, 0.981392, 0
41.4, 0, 0, 1.05261, 0, 0.9821, 0
41.5, 0, 0, 1.05278, 0, 0.982802, 0
41.6, 0, 0, 1.05295, 0, 0.983499, 0
41.7, 0, 0, 1.05311, 0, 0.984191, 0
41.8, 0, 0, 1.05328, 0, 0.984878, 0
41.9, 0, 0, 1.05344, 0, 0.985559, 0
42, 0, 0, 1.0536, 0, 0.986235, 0
42.1, 0, 0, 1.05376, 0, 0.986906, 0
42.2, 0, 0, 1.05392, 0, 0.987572, 0
42.3, 0, 0, 1.05408, 0, 0.988233, 0
42.4, 0, 0, 1.05423, 0, 0.988889, 0
42.5, 0, 0, 1.05439, 0, 0.98954, 0
42.6, 0, 0, 1.05454, 0, 0.990186, 0
42.7, 0, 0, 1.05469, 0, 0.990827, 0
42.8, 0, 0, 1.05484, 0, 0.991463, 0
42.9, 0, 0, 1.05498, 0, 0.992095, 0
43, 0, 0, 1.05513, 0, 0.992721, 0
43.1, 0, 0, 1.05527, 0, 0.993343, 0
43.2, 0, 0, 1.05542, 0, 0.99396, 0
43.3, 0, 0, 1.05556, 0, 0.994572, 0
43.4, 0, 0, 1.0557, 0, 0.99518, 0
43.5, 0, 0, 1.05584, 0, 0.995782, 0
43.6, 0, 0, 1.05597, 0, 0.996381, 0
43.7, 0, 0, 1.05611, 0, 0.996974, 0
43.8, 0, 0, 1.05625, 0, 0.997563, 0
43.9, 0, 0, 1.05638, 0, 0.998148, 0
44, 0, 0, 1.05651, 0, 0.998728, 0
44.1, 0, 0, 1.05664, 0, 0.999304, 0
44.2, 0, 0, 1.05677, 0, 0.999875, 0
44.3, 0, 0, 1.0569, 0, 1.00044, 0
44.4, 0, 0, 1.05703, 0, 1.001, 0
44.5, 0, 0, 1.05715, 0, 1.00156, 0
44.6, 0, 0, 1.05728, 0, 1.00212, 0
44.7, 0, 0, 1.0574, 0, 1.00267, 0
44.8, 0, 0, 1.05752, 0, 1.00321, 0
44.9, 0, 0, 1.05764, 0, 1.00375, 0
45, 0, 0, 1.05776, 0, 1.00429, 0
45.1, 0, 0, 1.05788, 0, 1.00482, 0
45.2, 0, 0, 1.058, 0, 1.00535, 0
45.3, 0, 0, 1.05811, 0, 1.00587, 0
45.4, 0, 0, 1.05823, 0, 1.00639, 0
45.5, 0, 0, 1.05834, 0, 1.00691, 0
45.6, 0, 0, 1.05845, 0, 1.00742, 0
45.7, 0, 0, 1.05856, 0, 1.00793, 0
45.8, 0, 0, 1.05867, 0, 1.00844, 0
45.9, 0, 0, 1.05878, 0, 1.00894, 0
46, 0, 0, 1.05889, 0, 1.00943, 0
46.1, 0, 0, 1.059, 0, 1.00992, 0
46.2, 0, 0, 1.0591, 0, 1.01041, 0
46.3, 0, 0, 1.05921, 0, 1.0109, 0
46.4, 0, 0, 1.05931, 0, 1.01138, 0
46.5, 0, 0, 1.05942, 0, 1.01186, 0
46.6, 0, 0, 1.05952, 0, 1.01233, 0
46.7, 0, 0, 1.05962, 0, 1.0128, 0
46.8, 0, 0, 1.05972, 0, 1.01327, 0
46.9, 0, 0, 1.05982, 0, 1.01373, 0
47, 0, 0, 1.05991, 0, 1.01419, 0
47.1, 0, 0, 1.06001, 0, 1.01464, 0
47.2, 0, 0, 1.06011, 0, 1.0151, 0
47.3, 0, 0, 1.0602, 0, 1.01554, 0
47.4, 0, 0, 1.0603, 0, 1.01599, 0
47.5, 0, 0, 1.06039, 0, 1.01643, 0
47.6, 0, 0, 1.06048, 0, 1.01687, 0
47.7, 0, 0, 1.06057, 0, 1.0173, 0
47.8, 0, 0, 1.06066, 0, 1.01773, 0
47.9, 0, 0, 1.06075, 0, 1.01816, 0
48, 0, 0, 1.06084, 0, 1.01859, 0
48.1, 0, 0, 1.06093, 0, 1.01901, 0
48.2, 0, 0, 1.06101, 0, 1.01942, 0
48.3, 0, 0, 1.0611, 0, 1.01984, 0
48.4, 0, 0, 1.06119, 0, 1.02025, 0
48.5, 0, 0, 1.06127, 0, 1.02066, 0
48.6, 0, 0, 1.06135, 0, 1.02106, 0
48.7, 0, 0, 1.06144, 0, 1.02146, 0
48.8, 0, 0, 1.06152, 0, 1.02186, 0
48.9, 0, 0, 1.0616, 0, 1.02226, 0
49, 0, 0, 1.06168, 0, 1.02265, 0
49.1, 0, 0, 1.06176, 0, 1.02304, 0
49.2, 0, 0, 1.06184, 0, 1.02342, 0
49.3, 0, 0, 1.06191, 0, 1.02381, 0
49.4, 0, 0, 1.06199, 0, 1.02418, 0
49.5, 0, 0, 1.06207, 0, 1.02456, 0
49.6, 0, 0, 1.06214, 0, 1.02493, 0
49.7, 0, 0, 1.06222, 0, 1.02531, 0
49.8, 0, 0, 1.06229, 0, 1.02567, 0
49.9, 0, 0, 1.06236, 0, 1.02604, 0
50, 0, 0, 1.06244, 0, 1.0264, 0
50.1, 0, 0, 1.06251, 0, 1.02676, 0
50.2, 0, 0, 1.06258, 0, 1.02711, 0
50.3, 0, 0, 1.06265, 0, 1.02747, 0
50.4, 0, 0, 1.06272, 0, 1.02782, 0
50.5, 0, 0, 1.06279, 0, 1.02817, 0
50.6, 0, 0, 1.06286, 0, 1.02851, 0
50.7, 0, 0, 1.06292, 0, 1.02885, 0
50.8, 0, 0, 1.06299, 0, 1.02919, 0
50.9, 0, 0, 1.06306, 0, 1.02953, 0
51, 0, 0, 1.06312, 0, 1.02986, 0
51.1, 0, 0, 1.06319, 0, 1.03019, 0
51.2, 0, 0, 1.06325, 0, 1.03052, 0
51.3, 0, 0, 1.06331, 0, 1.03085, 0
51.4, 0, 0, 1.06338, 0, 1.03117, 0
51.5, 0, 0, 1.06344, 0, 1.03149, 0
51.6, 0, 0, 1.0635, 0, 1.03181, 0
51.7, 0, 0, 1.06356, 0, 1.03213, 0
51.8, 0, 0, 1.06362, 0, 1.03244, 0
51.9, 0, 0, 1.06368, 0, 1.03275, 0
52, 0, 0, 1.06374, 0, 1.03306, 0
52.1, 0, 0, 1.0638, 0, 1.03336, 0
52.2, 0, 0, 1.06386, 0, 1.03367, 0
52.3, 0, 0, 1.06392, 0, 1.03397, 0
52.4, 0, 0, 1.06397, 0, 1.03427, 0
52.5, 0, 0, 1.06403, 0, 1.03456, 0
52.6, 0, 0, 1.06409, 0, 1.03486, 0
52.7, 0, 0, 1.06414, 0, 1.03515, 0
52.8, 0, 0, 1.0642, 0, 1.03544, 0
52.9, 0, 0, 1.06425, 0, 1.03572, 0
53, 0, 0, 1.0643, 0, 1.03601, 0
53.1, 0, 0, 1.06436, 0, 1.03629, 0
53.2, 0, 0, 1.06441, 0, 1.03657, 0
53.3, 0, 0, 1.06446, 0, 1.03684, 0
53.4, 0, 0, 1.06451, 0, 1.03712, 0
53.5, 0, 0, 1.06456, 0, 1.03739, 0
53.6, 0, 0, 1.06461, 0, 1.03766, 0
53.7, 0, 0, 1.06466, 0, 1.03793, 0
53.8, 0, 0, 1.06471, 0, 1.0382, 0
53.9, 0, 0, 1.06476, 0, 1.03846, 0
54, 0, 0, 1.06481, 0, 1.03872, 0
54.1, 0, 0, 1.06486, 0, 1.03898, 0
54.2, 0, 0, 1.06491, 0, 1.03924, 0
54.3, 0, 0, 1.06495, 0, 1.0395, 0
54.4, 0, 0, 1.065, 0, 1.03975, 0
54.5, 0, 0, 1.06505, 0, 1.04, 0
54.6, 0, 0, 1.06509, 0, 1.04025, 0
54.7, 0, 0, 1.06514, 0, 1.0405, 0
54.8, 0, 0, 1.06518, 0, 1.04074, 0
54.9, 0, 0, 1.06523, 0, 1.04099, 0
55, 0, 0, 1.06527, 0, 1.04123, 0
55.1, 0, 0, 1.06531, 0, 1.04147, 0
55.2, 0, 0, 1.06536, 0, 1.04171, 0
55.3, 0, 0, 1.0654, 0, 1.04194, 0
55.4, 0, 0, 1.06544, 0, 1.04217, 0
55.5, 0, 0, 1.06548, 0, 1.04241, 0
55.6, 0, 0, 1.06553, 0, 1.04264, 0
55.7, 0, 0, 1.06557, 0, 1.04286, 0
55.8, 0, 0, 1.06561, 0, 1.04309, 0
55.9, 0, 0, 1.06565, 0, 1.04331, 0
56, 0, 0, 1.06569, 0, 1.04354, 0
56.1, 0, 0, 1.06573, 0, 1.04376, 0
56.2, 0, 0, 1.06577, 0, 1.04398, 0
56.3, 0, 0, 1.0658, 0, 1.04419, 0
56.4, 0, 0, 1.06584, 0, 1.04441, 0
56.5, 0, 0, 1.06588, 0, 1.04462, 0
56.6, 0, 0, 1.06592, 0, 1.04483, 0
56.7, 0, 0, 1.06595, 0, 1.04504, 0
56.8, 0, 0, 1.06599, 0, 1.04525, 0
56.9, 0, 0, 1.06603, 0, 1.04546, 0
57, 0, 0, 1.06606, 0, 1.04566, 0
57.1, 0, 0, 1.0661, 0, 1.04587, 0
57.2, 0, 0, 1.06613, 0, 1.04607, 0
57.3, 0, 0, 1.06617, 0, 1.04627, 0
57.4, 0, 0, 1.0662, 0, 1.04647, 0
57.5, 0, 0, 1.06624, 0, 1.04666, 0
57.6, 0, 0, 1.06627, 0, 1.04686, 0
57.7, 0, 0, 1.06631, 0, 1.04705, 0
57.8, 0, 0, 1.06634, 0, 1.04724, 0
57.9, 0, 0, 1.06637, 0, 1.04743, 0
58, 0, 0, 1.0664, 0, 1.04762, 0
58.1, 0, 0, 1.06644, 0, 1.04781, 0
58.2, 0, 0, 1.06647, 0, 1.04799, 0
58.3, 0, 0, 1.0665, 0, 1.04818, 0
58.4, 0, 0, 1.06653, 0, 1.04836, 0
58.5, 0, 0, 1.06656, 0, 1.04854, 0
58.6, 0, 0, 1.06659, 0, 1.04872, 0
58.7, 0, 0, 1.06662, 0, 1.0489, 0
58.8, 0, 0, 1.06665, 0, 1.04908, 0
58.9, 0, 0, 1.06668, 0, 1.04925, 0
59, 0, 0, 1.06671, 0, 1.04942, 0
59.1, 0, 0, 1.06674, 0, 1.0496, 0
59.2, 0, 0, 1.06677, 0, 1.04977, 0
59.3, 0, 0, 1.0668, 0, 1.04994, 0
59.4, 0, 0, 1.06683, 0, 1.0501, 0
59.5, 0, 0, 1.06686, 0, 1.05027, 0
59.6, 0, 0, 1.06688, 0, 1.05044, 0
59.7, 0, 0, 1.06691, 0, 1.0506, 0
59.8, 0, 0, 1.06694, 0, 1.05076, 0
59.9, 0, 0, 1.06696, 0, 1.05092, 0
60, 0, 0, 1.06699, 0, 1.05108, 0
